9,4 126
13,4 126
13,4 126
15,4 125
11,4 124
13,3 121
11,3 120
17,3 120
9,3 120
15,3 120
13,5 114
17,5 114
9,5 114
11,5 113
15,5 111
9,2 105
17,2 105
11,2 105
13,2 104
15,2 104
9,7 99
17,7 99
13,7 98
11,7 98
15,7 96
11,6 92
13,6 92
17,6 92
9,6 91
15,6 90
9,8 88
13,8 88
15,8 88
17,8 88
11,8 87
11,1 84
13,1 84
15,1 84
17,1 83
9,1 83
13,9 60
17,9 60
11,9 60
9,9 59
15,9 58
9,11 57
11,11 57
13,11 57
17,11 57
15,11 55
9,10 54
11,10 54
13,10 54
15,10 54
17,10 54
9,0 46
13,0 46
17,0 46
11,0 45
15,0 45
9,12 36
11,12 36
13,12 36
15,12 35
17,12 35
9,13 32
11,13 32
13,13 32
15,13 32
17,13 32
9,17 14
11,17 14
13,17 14
15,17 14
17,17 14
9,14 11
13,14 11
15,14 11
17,14 11
11,14 11
9,16 9
11,16 9
13,16 9
15,16 9
17,16 9
9,15 8
13,15 8
15,15 8
17,15 8
11,15 8
9,18 6
11,18 6
13,18 6
15,18 6
17,18 6
9,19 5
13,19 5
15,19 5
17,19 5
9,20 4
11,20 4
13,20 4
15,20 4
17,20 4
11,19 4
9,23 4
13,23 4
15,23 4
17,23 4
11,23 4
11,22 3
13,22 3
15,22 3
17,22 3
9,22 3
9,24 3
11,24 3
13,24 3
15,24 3
17,24 3
9,21 2
11,21 2
13,21 2
15,21 2
17,21 2
9,29 1
11,29 1
13,29 1
15,29 1
17,29 1
9,32 1
11,32 1
13,32 1
15,32 1
17,32 1
13,28 1
15,28 1
17,28 1
9,28 1
11,28 1
9,30 1
11,30 1
13,30 1
15,30 1
17,30 1
9,25 1
11,25 1
13,25 1
15,25 1
17,25 1
